68
120 156 112 288
128 433 112 288
128 -116 112 288
158 669 110 198
184 702 110 198
209 728 110 198
235 760 110 198
268 792 110 198
144 -273 110 198
171 -302 110 198
213 -332 110 198
263 -361 110 198
306 -381 110 198
381 -400 166 202
363 808 174 202
520 833 246 202
525 -412 246 202
754 -378 246 202
970 -353 246 202
1173 -320 246 202
749 791 246 202
980 760 246 202
1197 721 246 202
1363 -282 246 202
1348 681 246 202
1341 179 246 202
1592 -239 246 202
1570 643 246 202
1816 -239 246 202
1815 643 246 202
2037 -269 246 202
2234 -305 246 202
2416 -341 246 202
2588 -385 246 202
2042 672 246 202
2264 713 246 202
2485 739 246 202
2701 767 246 202
2920 734 246 202
2815 -340 246 202
2992 -275 214 168
3056 -244 214 168
3104 -211 214 168
3007 701 214 168
3068 668 214 168
3123 595 214 168
3132 -98 214 168
3162 478 214 168
3200 252 160 274
3166 13 160 274
1203 144 160 274
1096 110 160 332
945 80 160 394
810 60 160 450
688 37 160 502
543 16 160 552
443 -11 160 628
2133 135 202 302
2261 100 202 372
2444 76 202 414
2560 47 202 484
2669 20 202 540
2716 41 202 494
2754 64 202 442
2787 102 202 366
2001 183 206 202
224 302 232 24
2977 283 232 24