220
216 300 42 118
218 186 42 118
222 102 42 90
222 34 50 86
209 -5 74 84
225 -32 74 84
248 -61 74 84
254 -69 102 84
279 -77 142 84
385 -82 142 84
496 -87 142 84
593 -95 238 84
796 -103 88 86
831 -120 88 86
853 -150 88 86
882 -217 88 130
900 -319 88 202
922 -423 88 202
940 -637 88 350
950 -762 88 350
964 -881 96 204
957 -950 124 156
979 -992 124 156
1028 -1034 124 156
989 -1040 212 132
1157 -1056 212 132
1352 -1056 212 132
1402 -1033 212 132
1442 -1005 212 132
1485 -1006 168 174
1512 -939 168 174
1543 -797 138 230
1552 -599 138 230
1575 -417 118 296
1591 -177 118 296
1594 106 138 106
1629 159 138 106
1688 196 138 106
1741 242 138 106
1760 330 124 294
1770 587 124 294
1782 838 140 112
1798 876 140 112
1817 910 140 112
1846 945 140 112
1881 976 240 112
1996 995 284 112
2168 1037 142 104
2200 1083 142 104
2222 1104 262 104
2278 1126 262 104
2447 1148 372 104
2650 1189 174 104
2684 1216 174 104
2720 1246 174 104
2752 1274 256 104
2903 1309 184 104
2978 1338 184 104
3032 1398 184 104
3059 1417 134 194
3049 1599 134 194
3029 1747 134 194
3013 1889 134 194
2989 2046 140 120
2936 2105 140 120
2854 2130 140 120
2671 2150 244 120
2406 2168 298 120
2127 2177 298 120
1844 2159 298 120
1596 2128 298 120
1529 2105 182 120
1472 2074 182 120
1424 2025 182 120
1384 1974 182 120
1348 1940 182 120
1304 1899 182 120
1258 1864 182 120
1221 1831 182 120
1177 1797 182 120
1142 1766 182 120
1092 1726 182 120
945 1705 276 120
751 1688 276 120
160 412 104 246
176 644 104 246
195 855 104 246
245 1008 104 246
308 1148 104 246
345 1293 108 136
383 1340 108 136
426 1387 108 136
474 1443 108 136
520 1489 108 136
560 1531 108 136
603 1574 108 136
656 1620 108 136
716 1661 108 136
142 285 108 136
140 179 108 136
150 61 108 136
445 262 108 136
452 203 108 136
462 157 178 136
616 147 178 136
779 140 178 136
927 124 178 136
987 100 178 136
1040 62 178 136
1087 21 178 136
1131 -53 178 136
1173 -259 234 258
1178 -551 244 322
1213 -602 176 322
1216 -732 176 322
1238 -762 134 322
1284 -10 134 322
1304 278 134 182
1342 333 134 182
1379 386 134 182
1373 553 150 344
1405 803 150 344
1466 1013 134 198
1493 1092 134 198
1527 1153 134 198
1588 1211 134 198
1670 1240 134 198
1727 1273 260 198
1782 1301 260 198
1808 1323 260 198
1844 1348 260 198
1914 1376 260 198
2103 1403 260 198
2214 1418 260 198
2303 1441 260 198
2340 1464 260 198
2378 1488 260 198
2424 1517 260 198
2524 1542 260 198
2544 1582 260 198
2560 1670 260 198
2529 1720 260 198
2409 1743 260 198
2064 1727 388 198
1824 1714 388 198
1788 1700 186 198
1741 1667 186 198
1703 1637 186 198
1667 1614 186 198
1617 1593 186 198
1578 1572 186 198
1529 1544 186 198
1486 1511 186 198
1436 1471 186 198
1373 1427 186 198
1311 1386 186 198
1211 1347 186 198
1008 1306 278 198
878 1292 278 198
841 1251 214 198
779 1195 214 198
722 1156 214 198
684 1102 214 198
629 1053 214 198
600 1018 214 198
556 904 214 198
533 621 214 378
477 359 214 378
450 390 76 76
497 726 50 46
1149 -85 50 46
1193 -569 50 46
1360 -570 50 46
1406 307 50 46
1446 368 50 46
1492 782 50 46
1529 993 50 46
1559 1050 50 46
1589 1116 50 46
1635 1182 50 46
1791 1253 50 46
2126 1078 50 46
2612 1224 50 46
2867 1352 50 46
2957 2080 50 46
2760 1854 50 46
1173 1482 50 46
812 1381 50 46
746 1331 50 46
704 1285 50 46
662 1234 50 46
592 1510 50 46
634 1557 50 46
686 1601 50 46
742 1642 50 46
557 1465 50 46
504 1413 50 46
455 1362 50 46
419 1318 50 46
377 1252 50 46
572 1088 50 46
341 1117 50 46
323 1083 50 46
285 986 50 46
270 953 50 46
511 762 50 46
542 243 436 426
898 199 436 426
972 419 436 426
737 535 436 426
757 787 436 426
1000 819 436 426
971 998 436 426
1287 1145 274 264
1453 1296 274 264
1653 1406 274 264
1836 1500 274 264
2097 1513 274 264
2276 1558 274 264
1104 67 274 264